id,EAP,HPL,MWS
id02310,0.05211477589377074,0.006365725437245834,0.9415194986689792
id24541,0.9985016424268168,0.0007944598931280097,0.0007038976800540336
id00134,0.002550017186370985,0.9973534204095528,9.656240407023062e-05
id27757,0.14913874624796333,0.8476152567240676,0.003245997027961296
id04081,0.9773677102812572,0.00804551742363773,0.014586772295102675
id27337,0.9153154027804967,0.0843081151394997,0.00037648208000691383
id24265,0.9717385692787304,0.027564199694782136,0.0006972310264913195
id25917,0.0019117116366175035,0.033689128854036514,0.96439915950934
id04951,0.7794253023677906,0.22040198890254206,0.0001727087296661487
id14549,0.9858734154926572,0.0011927464704726554,0.012933838036867127
id22505,0.006049859211327088,0.9719952779151881,0.02195486287347802
id24002,0.1528050966586837,0.8066189398304597,0.04057596351084146
id18982,0.15115264575806492,0.029173328324223792,0.8196740259177194
id15181,0.0008136181710375834,0.9991831105990729,3.2712298850339724e-06
id21888,0.9160882155831755,0.06644461067479422,0.01746717374203151
id12035,8.43457637852227e-05,4.49697626291895e-06,0.9999111572599511
id17991,0.32663907771790557,0.002607530905055,0.6707533913770397
id10707,0.9999842458966176,1.6315946328227574e-06,1.4122508742043275e-05
id07101,0.8293856254370091,0.029397984454500235,0.1412163901084958
id00345,0.9218254192845616,0.06750446912800617,0.010670111587429032
id05912,0.9763105430065695,0.015187790829357131,0.008501666164075916
id13443,0.8615048952969465,0.13541768974297713,0.003077414960085868
id09248,0.45494798724587254,0.3271664357943369,0.2178855769597898
id17542,0.9560576731438634,0.015375946799807584,0.02856638005632914
id06995,0.01759495035808889,3.38475589249446e-08,0.9824050157943542
id25159,0.8959989757651204,0.002648512168047339,0.10135251206682985
id25729,0.6625474333814807,0.10345453263798735,0.23399803398052524
id26949,0.9890236157411467,0.009327675318797666,0.001648708940053353
id27191,0.03278851854927773,0.0037866060222771945,0.9634248754284436
id07668,0.002982253192594129,3.248271239262562e-06,0.9970144985361745
id02230,0.7189441964933553,0.04980577412764712,0.23125002937899586
id15553,0.9999557174018426,2.9383770353118614e-06,4.134422112317098e-05
id25688,0.0011256068484519967,0.9977317951845577,0.00114259796698794
id17545,0.9846663089614367,0.01386333690001886,0.0014703541385451418
id13929,0.62247709149187,0.10373842125296566,0.2737844872551618
id12880,0.10613194538945453,0.8668928461475495,0.02697520846300228
id19282,0.8549321448503906,0.02013308003817368,0.12493477511144148
id14690,0.21381329085687928,0.037568976687856415,0.7486177324552644
id17975,0.00868358618679711,0.9838662859249259,0.007450127888272891
id08037,0.9984217485992813,0.00012689978909346598,0.0014513516116241088
id15412,0.8439810702803249,0.002278683135641379,0.15374024658403423
id25032,0.5768062597441588,0.0489437615301991,0.3742499787256447
id27165,0.944171157772209,0.020897687453637587,0.03493115477415348
id03327,0.07825382751634642,0.9211037190403703,0.0006424534432908238
id18515,0.6821315406547191,0.013687699489854505,0.3041807598554306
id21003,0.16928064067917606,0.1110281129709494,0.7196912463498781
id23855,0.04078146198586963,0.7574070857022219,0.20181145231190983
id20724,0.8605553506181228,0.09289153436656418,0.04655311501531515
id13303,0.979521739437661,0.010903547141893963,0.00957471342044511
id16521,0.08337367507252957,0.45509598474306956,0.46153034018440153
id20775,0.9821739435488497,0.01775452845897991,7.152799216997231e-05
id13029,0.6234545883068434,0.12250297998557337,0.25404243170758456
id14660,0.8846903763973183,0.03752236824420219,0.07778725535848824
id11028,0.0003485115163267475,4.3685983802231503e-07,0.9996510516238305
id14180,0.9263486972003119,0.02763998595661291,0.04601131684307796
id25860,0.9996954969041036,0.00030333651890504656,1.1665769892186843e-06
id11910,0.7274445962178582,0.0023462271725446966,0.27020917660959876
id08065,0.38510314229837656,0.017022690393814707,0.5978741673078105
id22674,5.716834307511674e-06,3.202239879475772e-05,0.9999622607668891
id25018,0.17728700967627434,0.003152669344212746,0.8195603209795099
id10892,0.013129517237360623,0.986864362989682,6.1197729647939714e-06
id10217,0.02390867987430231,0.9760826776345851,8.642491112498453e-06
id12996,0.42419541002831107,0.0324472027183887,0.5433573872533018
id18262,0.7025224858537302,0.014880143230912093,0.2825973709153609
id08606,6.497188075828918e-06,0.9999599630761092,3.353973583118306e-05
id17233,0.9664427615372093,0.0038708535537148067,0.029686384909077955
id00101,0.946905475551892,0.04363347024152155,0.009461054206587934
id12225,0.9640139922049394,0.029759262085484826,0.006226745709573777
id01364,0.011717826704616175,0.9875401872910332,0.000741986004355053
id24973,0.8948689070759576,0.009388715240765646,0.09574237768327738
id25363,0.23229555932777632,0.08788006054606631,0.6798243801261669
id10061,0.037625289680722755,0.00022457807386965726,0.9621501322454106
id17673,0.5018157597200813,0.059097921012084255,0.43908631926783165
id13249,0.5922397577155603,0.011492420412331892,0.39626782187211085
id10107,0.00137453839952373,0.00012048649060043048,0.9985049751098857
id04403,0.9963751561428514,2.7556506310452916e-05,0.003597287350840754
id25728,0.7802289922890564,0.08412172487149194,0.13564928283944985
id16184,0.36245412380835873,0.06874746298569022,0.5687984132059529
id03438,0.03132294107220863,2.9211465918049915e-05,0.9686478474618773
id22923,0.4676602691501624,0.5320768260654596,0.00026290478438073794
id08610,0.9669659461701835,0.026574106244817357,0.006459947584992396
id25355,0.01191977125858335,0.0008675714166255844,0.9872126573247872
id16916,0.7991197810209254,0.17281690530973165,0.02806331366933959
id12793,0.07040487390639051,0.9255175569326467,0.004077569160974889
id11859,0.8893773144603575,0.011505498427645686,0.09911718711199274
id02434,0.9999873538415628,1.1389248755142045e-05,1.2569096973172665e-06
id27703,0.00025656348503327224,1.3400735307857102e-05,0.9997300357796547
id25212,0.000558314688791122,0.9990195501809838,0.000422135130232768
id11308,0.17397031310263494,0.008785156642159913,0.8172445302552057
id26094,0.9165989932961004,0.07429033581342559,0.009110670890470044
id22080,0.9178203718044153,0.05442949056086274,0.027750137634720954
id03545,0.9843201559958081,0.015421769894429765,0.00025807410975685265
id23725,0.06577201372044003,0.1452568395575684,0.7889711467219891
id12009,0.6336924263712826,0.3202879432281557,0.046019630400563116
id24241,0.6463846820490935,0.2663986145262039,0.08721670342470483
id03596,0.03351570632330191,0.9591295738142324,0.007354719862462053
id10749,0.0884223555448761,0.6604524635767709,0.25112518087835334
id22794,0.005884669638320458,0.03083758411546799,0.9632777462462122
id15482,0.028956004167550026,0.07675728071925794,0.894286715113197
id04833,0.10827296529775617,0.8884566606986051,0.003270374003638381
id00397,0.008378062030015855,3.178836277008118e-08,0.9916219061816121
id14691,0.0014233118087406663,0.03573109848073174,0.9628455897105281
id05193,0.45897378461614663,0.01819841378443047,0.5228278015994193
id19541,0.5231012801000111,0.34027166372194306,0.13662705617803803
id22166,0.000116853785620919,4.0453874711306235e-09,0.9998831421689903
id20744,0.00058422438564312,1.4388364841253129e-05,0.999401387249516
id10392,2.665704536504308e-08,1.0913914521297402e-06,0.9999988819515077
id00770,0.7900227321093114,0.08155834803211535,0.1284189198585746
id06018,0.689972384666705,0.29939623142503624,0.010631383908256633
id15678,0.5820830146218432,0.19406480285254427,0.22385218252561093
id08305,0.6946986067312675,0.2990736944842173,0.006227698784512003
id08903,0.23169850441360074,0.003986307632695275,0.7643151879537016
id14752,0.1559830490299974,0.7429601777908639,0.1010567731791378
id12468,0.005290125952945061,0.9947000166994233,9.857347626656386e-06
id05085,0.797736782663784,0.19883296175096263,0.003430255585254067
id21993,0.08765056275174801,0.00011204535164205848,0.9122373918966129
id15503,0.8348802159491061,0.09503898033669028,0.07008080371420346
id03021,0.00015720030010017502,0.9995861978018273,0.00025660189807073217
id16123,0.9989575181631078,0.00010204834313004987,0.0009404334937578763
id19383,0.9908544611103293,0.008971472704867483,0.0001740661847980966
id04186,0.9988071956364508,0.0001264678191645793,0.001066336544387336
id17954,5.640477153477251e-06,1.370300919308715e-06,0.999992989221923
id12030,0.4871264177815916,0.0002498263133060733,0.5126237559051021
id13020,0.6075057223110705,0.38966441707254595,0.002829860616381418
id25327,0.00035224706554541884,0.047685632069806444,0.9519621208646503
id16344,0.5301470668664372,0.01797067322982542,0.4518822599037345
id12303,0.818410283258725,0.12429252077280539,0.057297195968474254
id15017,0.31032137086770484,0.6894002038219106,0.00027842531038960524
id22308,0.21374214106237746,0.052723655388994,0.7335342035486317
id06536,0.004834926326781103,0.11291936103971204,0.8822457126335045
id19797,0.010739815881459768,0.9854803236133596,0.003779860505176614
id06332,0.005634576816702898,0.797627949486171,0.1967374736971225
id22941,0.24978881455162424,0.09034951501946915,0.6598616704289084
id13547,0.0010702380292123975,0.5488762901542289,0.4500534718165606
id06928,0.19046611513619888,0.0021484164506711586,0.8073854684131332
id12521,0.5827453299990488,0.4119382102574706,0.005316459743482655
id25716,0.6599863308723285,0.017978252191857926,0.3220354169358145
id27116,1.0364678474474048e-07,5.643654237684318e-12,0.9999998963475739
id19941,0.00954879425803049,0.9852285715512822,0.00522263419068563
id05711,0.00042901158837869725,6.764591426460331e-07,0.9995703119524793
id02097,0.00123730287073684,0.3585785219599351,0.6401841751693286
id03563,6.320263980757714e-05,0.9999365722630679,2.2509711763794678e-07
id02295,0.11608387843307695,0.8741895846550228,0.009726536911900605
id08179,0.9999281480676614,3.200214982034279e-05,3.9849782515249e-05
id05332,0.6880979015038022,0.23650764319590814,0.07539445530028824
id15697,0.036413846397354906,0.029815854131253646,0.9337702994713984
id17026,0.628902472563408,0.019365854412419097,0.351731673024173
id04243,0.9958714325134386,0.004086048870970143,4.251861558632715e-05
id13175,0.9571994104770409,0.00037068236390083953,0.042429907159057645
id05387,0.64260828055414,0.28127235013059576,0.0761193693152615
id19989,0.22551468547943726,0.4820049260759496,0.29248038844460417
id25173,0.03284183692672097,0.004295478520938135,0.962862684552348
id08925,0.8492488622387803,0.12643636264920566,0.0243147751120139
id03034,0.027482819068047403,0.9642548014701942,0.008262379461757187
id13272,0.0699504338825796,0.707325565416004,0.22272400070141393
id07956,0.47365733746591465,0.03588362868396563,0.490459033850117
id02648,0.009764713190255393,0.002846719531528055,0.9873885672782144
id01778,0.06281382140655702,0.010416959094139804,0.9267692194992987
id12846,0.0013019122955630705,1.277181069170425e-05,0.9986853158937405
id19001,0.3858286550629405,0.02192933738575031,0.5922420075513035
id05763,0.8962364160467113,0.08128374226904145,0.02247984168424618
id15590,0.01029541246297027,8.136416977365582e-05,0.9896232233672548
id04912,0.6787640271753504,0.06470141402518027,0.2565345587994757
id21201,0.9925717877470503,0.006837074945041288,0.0005911373079026433
id13215,0.9911387201658717,0.00014905306491847892,0.008712226769209156
id15612,0.7207178059144388,0.19224781448206213,0.08703437960349909
id18501,0.022388193749464876,0.09593837036215848,0.8816734358883787
id07223,0.7001543915885963,0.2403955689940574,0.059450039417344974
id06707,0.35981953951442014,0.496915067924455,0.14326539256112378
id05238,2.2789292699471013e-05,0.9999762297714421,9.809358718875838e-07
id00935,0.0005816499688936263,0.07671617167818705,0.9227021783529161
id00110,0.05106417030571452,0.021897525946706152,0.9270383037475695
id17476,0.4073951855475078,0.06591752533306684,0.5266872891194267
id15170,0.9460991671985176,0.026044694654438358,0.02785613814703827
id13397,0.08934695285060985,0.10910166312458833,0.8015513840247983
id24283,0.17206227348379288,0.8249751209741462,0.002962605542064194
id15234,0.9100560769904074,0.08341583491122244,0.006528088098374572
id16884,0.8763667858575673,0.041265901348473355,0.08236731279395848
id07831,0.9707640238990815,0.003573015162095672,0.025662960938824735
id16038,0.8179654631368553,0.12932055438209067,0.05271398248105128
id03629,0.8120342399660834,0.16773412700114282,0.02023163303277573
id21019,0.9776283223184918,0.00352381313654735,0.018847864544963948
id21835,0.33546728309339224,0.17771256281058775,0.4868201540960145
id04480,0.4439678920967895,0.5453058148360106,0.010726293067203336
id20838,0.8219448660605938,0.1710332831691487,0.007021850770252978
id24195,0.4830254309090972,0.2551464939072982,0.2618280751836033
id05448,0.931269601781523,0.05590204469319593,0.012828353525279326
id15957,0.1471680147176124,0.85152684123363,0.0013051440487592014
id19956,0.00037592385751604804,2.262300215285759e-07,0.9996238499124578
id15104,0.028769890400343497,0.016557034872708633,0.9546730747269455
id17559,0.871857845986155,0.09737781341924365,0.0307643405946
id16839,0.14126032779528716,0.008138850548244972,0.8506008216564701
id14493,0.2893485474791447,0.0017505889120197258,0.708900863608837
id08833,0.6134791898537142,0.008838675673197429,0.37768213447309124
id15723,0.19648462239905992,0.0007825973827298478,0.8027327802182119
id02716,0.9953943572860392,1.0395760640582782e-05,0.004595246953326286
id06689,0.222527984955012,0.7271166755121026,0.050355339532883986
id18837,0.23297708579066836,0.0005278846364843185,0.7664950295728477
id04466,0.5385650014624409,0.44435282832957024,0.017082170207992513
id00686,0.9852528656594937,0.009857229172255568,0.004889905168244296
id09010,0.032993119614254184,0.9639812782936207,0.0030256020921287864
id23353,0.9892844411479315,0.005204328827370033,0.005511230024702547
id00066,0.8160638012266991,0.1604647390357026,0.023471459737595086
id15724,0.6400840782258036,0.16632297475282626,0.19359294702137184
id23486,0.00830269490567614,0.022067908280965453,0.96962939681336
id22258,0.0043918766752565515,0.02191393677233662,0.9736941865524109
id02292,0.860728528115798,0.041079361356996344,0.0981921105272025
id16356,0.9261640578001503,0.053269889127185756,0.020566053072661124
id00235,0.9945102195843237,5.4665318336823786e-05,0.005435115097338537
id25522,0.021246498759660795,0.0003330418786678971,0.9784204593616708
id04204,0.811491661773418,0.12601328017353983,0.06249505805303889
id22016,0.8660900129000865,0.04900164098888533,0.08490834611102911
id06480,0.00012552390754854152,0.9997807991303486,9.367696211040811e-05
id08718,0.02263123728373255,1.614908109782764e-06,0.9773671478081534
id05251,0.0002156868468686324,0.9992281651398343,0.0005561480133015233
id03359,0.9053647623070497,0.06733875520943108,0.027296482483521508
id16117,7.485149014098137e-05,1.1399797879734923e-05,0.9999137487119859
id17000,0.007084944655401779,0.9758011904501922,0.017113864894404345
id01730,0.03420075607465384,0.9519746145351426,0.013824629390207545
id00630,0.9584052651312543,0.04029685420163083,0.0012978806671194503
id18175,0.14125668538077632,0.0009312355805030047,0.8578120790387218
id00907,0.4580986232015813,0.029506177038793404,0.5123951997596193
id18251,0.0030959347097225857,0.9969022567421514,1.8085481268340789e-06
id25861,0.4580862094945729,0.30027950944581766,0.24163428105960963
id00398,0.3549725023451505,0.619661774027491,0.025365723627357877
id27573,0.9962739340459655,7.494871681011608e-05,0.0036511172372300786
id10022,1.7573209418231616e-05,0.0035457826858083085,0.9964366441047638
id15901,0.025839435686971633,1.0370024656537771e-05,0.9741501942883692
id00451,0.01726572856220955,0.11417830274112935,0.868555968696659
id23129,0.05113108784855442,0.94838179990947,0.0004871122419815612
id26498,0.40373591029275874,0.010156465712307697,0.5861076239949347
id14741,0.11285649090392397,0.8580962200169729,0.029047289079099967
id18453,0.02550319982584958,0.0002716650525695382,0.9742251351215863
id08309,0.8574036666351911,0.042743314299960984,0.09985301906485233
id00320,0.9975903748542028,0.0022903992800208444,0.00011922586576937127
id07688,0.026174472728689387,0.0017156865008610652,0.9721098407704508
id01556,0.024167200209859317,0.0046413750423936655,0.971191424747745
id00178,0.10602210285643057,0.02429268561531583,0.8696852115282532
id18902,0.0008298109668447098,0.20439990984887121,0.7947702791842866
id27002,0.7468693023875655,0.21859015767599385,0.03454053993644284
id21418,0.9977160071833329,0.0012523303733752691,0.0010316624432905595
id23018,0.4301243300442637,0.24105447362484186,0.32882119633089685
id07032,0.04554548804762983,0.03377666431701547,0.9206778476353532
id16195,0.8839167382045315,0.02829877554878266,0.08778448624668357
id11202,0.09854785627459739,0.8262414054526815,0.07521073827271893
id09578,0.9516302024355004,0.009790128588337445,0.03857966897616591
id26984,0.9816436289977277,0.0006453105992023179,0.017711060403066765
id19856,0.0067961980730396766,0.9897808374833077,0.00342296444364939
id12086,0.793533128486809,0.06859173236114054,0.13787513915205346
id12052,0.2525998094361732,0.04075495342627456,0.7066452371375532
id17728,5.512789929885753e-07,2.3123906954394848e-05,0.9999763248140586
id24608,0.07867141049035552,0.5940960993962539,0.3272324901133907
id21097,0.008969807007099453,0.026896813844723942,0.9641333791481842
id20179,7.987753783511158e-06,0.0010399187219935074,0.9989520935242128
id15144,0.6838549761898427,0.10010540234578864,0.21603962146436623
id00206,0.9996722886061574,3.767142837181735e-05,0.00029003996546754995
id22285,0.6225795931213126,0.01675439841029276,0.36066600846838864
id06417,0.7867884618649255,0.060647521162156486,0.1525640169729144
id00215,0.02267777112411237,0.9772922424747911,2.998640109487464e-05
id04201,0.05664531430159207,0.038835983520547804,0.9045187021778592
id21771,0.9731716040373012,0.019596813318727133,0.007231582643971015
id12451,0.12843545852741248,0.7814828967182109,0.09008164475438013
id14250,0.0245022509886769,0.8940536076134312,0.08144414139789495
id03433,0.034262983927296875,0.8490839898028155,0.11665302626988733
id03303,0.02731104208477251,6.29806407825969e-05,0.9726259772744463
id25901,0.1211977721718829,0.592615945262863,0.28618628256525247
id06945,0.9621439974320752,0.014506681855248116,0.02334932071267119
id05664,0.9005593393050788,0.0006697265643101362,0.09877093413060595
id05741,0.9992685844363481,6.928973220778162e-07,0.0007307226663319321
id10652,0.9315158096352335,0.027041466461116596,0.04144272390364775
id16300,0.9937138915687785,0.0006709633902744219,0.005615145040947825
id12319,0.6908090612432783,0.039756239860129154,0.26943469889659144
id07500,8.981042812081757e-05,0.9999100904610383,9.911083607983826e-08
id12478,0.5074725133461467,0.07230829577473137,0.4202191908791242
id03076,0.015734274174679118,1.0531992686108808e-05,0.9842551938326349
id00969,0.2815732585713439,0.7154032779776105,0.0030234634510494726
id23636,0.1466830324073047,0.6809805977827387,0.1723363698099547
id09791,0.11961824805216266,0.40361926033481427,0.47676249161302475
id05680,0.0003047716628549374,0.8704303278977824,0.12926490043936317
id03672,0.007216967605707892,0.2985644828272996,0.6942185495669939
id04286,0.002689747232508487,0.9084514170975924,0.08885883566989765
id23883,0.0015614659473551808,0.8429059165104774,0.1555326175421748
id11914,0.5668684101809568,0.00020297627032643404,0.4329286135487202
id20974,0.00039946005402188774,0.999394950909908,0.00020558903606807886
id26125,0.8879429513266321,0.0036074776349549796,0.10844957103840824
id15543,0.623034592048173,0.07074033233049339,0.3062250756213327
id19471,0.9402052034606017,0.00036814237240710603,0.05942665416699214
id11503,0.7706672349046665,0.22136831067310525,0.007964454422228553
id09321,0.25386431968429163,0.6558002475335601,0.09033543278214887
id25560,1.9155420113742773e-06,3.5166109874091256e-07,0.9999977327968871
id06726,0.488737264580179,0.24957150861658434,0.26169122680323814
id05709,0.923343093752529,0.003698896550480055,0.07295800969699767
id09788,0.3545330778216085,0.3775742195659551,0.26789270261243703
id05289,0.9957778750515943,0.004220864595593384,1.260352805173318e-06
id11815,0.0010828940531439869,0.9988994233255312,1.7682621331701788e-05
id22422,0.41998697733857987,0.05493479332195225,0.5250782293394654
id25954,0.36591037280848265,0.12746785035679994,0.5066217768347202
id13601,0.6801791386588394,0.11183762458516795,0.20798323675599187
id05677,0.02728268194221887,0.507201560528549,0.46551575752923247
id10498,2.9038141585565723e-05,0.9999704383562138,5.23502196505323e-07
id02665,0.27201277264898704,0.7233539867239519,0.004633240627056221
id10114,0.004135749614812463,0.8295707816315483,0.1662934687536294
id26314,0.9880862279737082,0.00926467953022802,0.0026490924960650797
id21240,0.06228697217339538,0.36572143550406766,0.5719915923225365
id15569,0.9995528858901277,0.0004457631660160549,1.3509438574102441e-06
id25928,0.14887015620021118,0.262136925228007,0.5889929185717788
id22706,0.3271819023737806,0.6699425170166384,0.002875580609577975
id20877,1.560960259778985e-06,0.9997850918230784,0.00021334721666508956
id04318,0.8497646832843265,0.002853265346123496,0.14738205136954738
id18299,0.6803272257109566,0.043107046829372095,0.27656572745967356
id08126,2.3021651758798984e-06,1.97498998588608e-10,0.9999976976373185
id14293,0.6852275290771183,0.006557418926461298,0.3082150519964237
id12759,0.9810513313435711,8.958449100554543e-05,0.018859084165424898
id11983,0.34929447811144576,0.6048552260360021,0.04585029585256101
id05580,0.03040143932304976,0.9447004317974721,0.024898128879480338
id25846,0.48388330214201597,0.45723587393994214,0.0588808239180491
id01939,0.8994763414627195,0.01612442454323986,0.08439923399403187
id26327,0.12582494306226835,0.6645072125620737,0.20966784437566263
id11068,0.0004652309665279941,0.00026189991669740804,0.999272869116775
id08404,0.8635006595973013,0.12713382546625726,0.009365514936437216
id27189,0.9733199321373222,0.005272002157601729,0.02140806570507326
id15119,0.007544014138122433,0.9402392757244771,0.05221671013740293
id26525,0.9706775738672576,9.636215812055053e-05,0.02922606397462044
id03618,0.2636100314143078,0.6659656599121246,0.07042430867357391
id27220,0.7810107193456307,0.2170357130786681,0.00195356757570325
id18777,0.1644120120737508,0.0002974302653429336,0.8352905576609048
id20213,0.9886969611961266,0.003276253481737463,0.008026785322139497
id20403,0.9048914014750084,0.06775230288031159,0.027356295644677415
id03777,0.10290569368290135,0.08704308447488032,0.8100512218422198
id10595,0.8565561843645636,0.12708112326999768,0.016362692365448555
id13816,0.47919826820422406,0.11071923457314226,0.41008249722263473
id05667,0.0037886305479965248,2.2503928649822724e-06,0.9962091190591339
id24629,0.634469801418518,0.06768134232068562,0.29784885626078983
id20398,0.20105011867910647,0.07095302267400558,0.7279968586468836
id14108,0.00016618542477401737,1.120541378609163e-05,0.9998226091614362
id06196,0.0002047389054885869,0.9984352239063475,0.0013600371881642515
id02800,0.056349045560206625,0.9278020170505957,0.015848937389196308
id18732,8.844237152564925e-06,0.9990658912757205,0.0009252644871335972
id11915,0.0039544359017351415,0.9927215956079964,0.0033239684902622176
id09739,0.9937629356835993,0.004762546690353301,0.0014745176260382725
id24672,0.8883189198341704,0.05479435664301048,0.0568867235228149
id00414,1.269068524151776e-05,7.208329778457996e-05,0.9999152260169808
id16307,0.9613072023003033,0.0251525547979906,0.013540242901698776
id14043,0.32979827024311964,0.010927086562200808,0.6592746431946777
id00517,2.4435413662539064e-07,8.199770636304861e-11,0.9999997555638598
id09744,0.6602353677146954,0.33975410924942356,1.0523035877767278e-05
id19257,0.9987566805971161,6.805333362555541e-05,0.0011752660692542695
id15437,0.581191508762703,0.3828463632349681,0.03596212800232286
id16352,0.04201565384471771,0.037364079033347077,0.9206202671219347
id18849,0.6171550140848054,0.12052751223704909,0.262317473678143
id19434,5.98810588476583e-07,0.9999993986826748,2.506743986893298e-09
id17928,0.652810675766481,0.27723876429863126,0.06995055993488873
id16896,0.43283993402122367,0.05478618278946158,0.5123738831893141
id02135,0.008235252237472053,0.7438269634257197,0.24793778433681088
id15075,0.9555660734336009,0.03174718218832844,0.01268674437806642
id27486,1.3844722749146251e-08,0.9999999832530803,2.9021866787364253e-09
id19422,0.8890501443929723,0.11045529936483874,0.0004945562421927193
id09603,0.18286157645282827,0.7807298481449755,0.03640857540219546
id02133,0.3194379861595844,0.6555414618065993,0.025020552033816583
id03441,0.8725205377036429,5.430514843934238e-05,0.12742515714791183
id02398,0.025101666533469843,0.9744574171905,0.0004409162760275089
id05152,0.18628182894149545,0.007842785709756418,0.8058753853487498
id17838,0.686396457866994,0.015382313599201385,0.29822122853380206
id25060,0.6503341683735091,0.15815242799500376,0.19151340363148334
id09998,0.02509049615741099,0.0392431477130566,0.935666356129537
id01828,0.027357423457023185,0.7838074010197138,0.18883517552326287
id25377,0.8409726033091774,0.00833963796176332,0.1506877587290583
id22175,0.11808670995808991,0.8816081163472487,0.0003051736946575128
id02974,0.6748375810136716,0.06906437153539133,0.25609804745093734
id26955,0.9928097874928127,0.006809055067500811,0.00038115743968399236
id21091,0.09056013515522929,0.011076300308252613,0.8983635645365139
id12802,0.9788170055247025,0.02084357837336272,0.00033941610193169864
id07432,5.853465460678639e-07,0.9999991261017783,2.885516746243823e-07
id18749,0.26703357801045263,0.6345128831166169,0.09845353887293315
id15030,0.0018351583613706716,0.0018331738062672455,0.9963316678323586
id17155,0.0005313773837808444,0.9994344827698927,3.4139846334389126e-05
id08128,0.00047590266973484435,0.9965815479669599,0.0029425493633066387
id25706,0.009847856792415068,0.9883723097668671,0.0017798334407168443
id15645,0.9904605517262879,0.008234505302872395,0.001304942970835218
id04943,0.06220841178493277,0.9318239012241092,0.005967686990956666
id27566,0.20748316584910065,0.034129689290840974,0.7583871448600555
id11765,0.5242114972495525,0.37692057243693167,0.098867930313512
id13783,0.5782667860133243,0.14081228319025008,0.28092093079642466
id00492,0.035042047137818326,0.0011149204171097228,0.9638430324450674
id27636,0.04274738379891092,0.1259567606493441,0.8312958555517441
id04273,0.21681401479278203,0.4787354775763522,0.3044505076308661
id02537,0.7049544511906717,0.012971813824081167,0.282073734985247
id24349,0.6949177061144513,0.30330210714729255,0.001780186738253335
id00023,0.00032034614429907394,0.9989690519495356,0.0007106019061597711
id23025,0.05583632011707937,0.9297794910223554,0.01438418886056195
id08722,0.6131898911632384,0.0039493856202599,0.38286072321650044
id02420,0.9033392640993496,0.0966478972142298,1.283868641539921e-05
id10811,0.9872413678545822,0.0006792756862384506,0.012079356459181713
id04019,0.000735284670612352,0.08261615665860884,0.9166485586707874
id18334,0.9985831730991377,0.0011782812255462251,0.00023854567531342478
id16781,0.9884796097210127,0.0032455212145309814,0.008274869064455204
id08773,0.8974641353268357,0.09092593480356628,0.011609929869605016
id19214,0.535640134148785,0.4401051732024715,0.024254692648746287
id09589,0.0017715554601363769,0.9813264970315108,0.01690194750834926
id24246,0.999257849069736,0.0007345282178387743,7.622712429990319e-06
id23577,0.7039864510913504,0.2959278079995871,8.574090905898132e-05
id09305,0.877669300723447,0.004798847604556411,0.11753185167199488
id16460,0.8778148631401936,0.06925549187688274,0.05292964498292147
id21115,0.980049791761125,0.006377091529296045,0.013573116709576538
id25996,0.17799655405911888,0.028943906083215978,0.7930595398576643
id02551,0.0001888194294561412,0.004844877627065685,0.9949663029434782
id19352,0.004337709837533306,4.366107046024987e-07,0.9956618535517586
id03806,0.0003099878651258815,0.0001068866222894627,0.9995831255125848
id26544,0.8080828462656419,0.000763659841162565,0.19115349389320138
id18761,0.5514732656218155,0.3356516883425391,0.11287504603565192
id24148,2.30959846785712e-05,0.998855704010399,0.001121200004914344
id16095,0.0762665779416472,0.7464584095768346,0.17727501248151947
id18442,0.37384787860554364,0.24030128399027795,0.38585083740417897
id22596,1.5664622970145185e-11,3.3545792064311115e-13,0.9999999999839934
id23002,0.16852064607400866,0.00637441144707615,0.8251049424789164
id04797,0.9929016983232924,0.0018783949780907516,0.005219906698620525
id06610,0.016166329182652445,0.0011174361770578873,0.982716234640287
id16173,0.9098032783344532,0.036758381163027744,0.05343834050251752
id18292,0.00019055982159472086,0.0003934189143891874,0.9994160212640133
id27328,0.9928702997012357,0.0009342952721495467,0.0061954050266155945
id01695,0.0159072123995223,0.9840820861287533,1.0701471723585811e-05
id05761,0.49636124227290584,0.0038562469934942498,0.4997825107336003
id16354,0.914505205867365,0.02600804577846738,0.059486748354166466
id12207,0.4179638254977766,0.34922064458301166,0.23281552991920923
id05665,0.039599855658118466,0.0313142044059576,0.9290859399359255
id01911,0.9269019764250465,0.06904880203356495,0.004049221541393616
id19153,0.001842668368958645,0.00018641374046572047,0.9979709178905721
id10295,0.05677537782582901,0.43147069307649655,0.511753929097678
id23038,0.3614101331777434,0.03390371463239874,0.6046861521898587
id23783,0.000395239655343498,0.9976166111348712,0.0019881492097904977
id27879,0.9309295319349881,0.06448746837571813,0.004582999689297592
id19190,0.08914462371364729,0.9095779845682983,0.0012773917180542627
id05065,0.9690143818923473,0.02021540629282494,0.010770211814827268
id21296,0.11211949100120654,0.8688256194912671,0.019054889507525874
id13262,0.3628397262169329,0.08029173452221566,0.5568685392608496
id10333,0.4733576386736009,0.5194252406531132,0.007217120673285549
id16677,0.5258999335069485,0.4716287714868344,0.0024712950062183007
id01392,0.7790556843358967,0.026587101407194936,0.1943572142569067
id27874,0.9439948898661498,0.04334764946604073,0.01265746066780946
id02294,0.8913877123235956,0.05853178762842438,0.05008050004797851
id18298,0.334756807243122,0.3930738849846135,0.2721693077722633
id06997,0.9265411918220263,0.03958479054067142,0.03387401763730543
id05243,0.8515395410260639,0.07919814504310203,0.06926231393083693
id00860,0.0007201333653106935,0.9224664595816673,0.07681340705302814
id26681,0.9827069613403714,0.016400921381825074,0.0008921172778054264
id06020,0.00017568205769674398,1.621305308829984e-06,0.9998226966369971
id27683,0.08201497880199793,0.8421215362701361,0.0758634849278652
id17655,0.0006334766099919092,0.9992441567912899,0.00012236659873194418
id08817,0.4838366525261561,0.0018033664648401254,0.5143599810090037
id11512,0.0010051249482497036,0.7056752790941041,0.29331959595763846
id00478,0.632010885886388,0.033364747614692165,0.3346243664989223
id02116,0.5500403633529523,0.2944300596980519,0.1555295769489917
id06746,0.9893795025706962,0.0016235045469082906,0.008996992882400991
id03863,0.8346757401656494,0.07094369074254352,0.09438056909180384
id01802,0.2783294359127921,0.2911831534261431,0.43048741066106655
id11682,0.8843486928432566,0.006641406206189408,0.10900990095055893
id04033,0.0006664790029873001,0.9909651706219768,0.008368350375032857
id09286,0.1756026120455749,0.6081976130944257,0.2161997748600032
id12904,0.9505588341845906,0.022781708844388546,0.026659456971016716
id07420,0.00013836145396725155,1.4347108078094341e-05,0.999847291437962
id22398,0.00042150569813786574,0.9993947415690922,0.00018375273277477944
id00424,0.11268160366557001,0.0024038417228079484,0.8849145546116186
id20960,0.5484194521021537,0.4497391420838583,0.0018414058139869468
id10267,0.9187841945406091,0.031114573455982165,0.05010123200341238
id19330,0.2959512805838633,0.0006460200701198254,0.7034026993460203
id00994,0.3083415482462218,0.6344707757456032,0.057187676008171325
id10785,0.8324956713002692,0.03466881432130337,0.13283551437842495
id00955,0.2877760318394391,0.6014694169766933,0.11075455118386905
id09757,2.7078408623697698e-05,0.9999702574056742,2.6641857025470256e-06
id10030,0.632900103796334,0.12880723547783393,0.23829266072583224
id22952,0.04659368882793627,0.09282179675821775,0.8605845144138446
id21955,4.411473739062629e-07,5.9348188331795846e-05,0.9999402106642976
id07674,0.8067037039526888,0.16649259596132593,0.026803700085985427
id13760,0.7881050771017329,0.1858082931127027,0.0260866297855636
id18166,0.9898723675539057,0.00039915644597393835,0.009728476000125684
id23498,0.33227369868731266,0.665931518135735,0.00179478317695103
id05296,0.985675039182584,0.006324492965178509,0.0080004678522373
id26709,0.8918121994394419,0.09721266386744194,0.010975136693120585
id02853,0.9878294157953085,0.011450321868234983,0.0007202623364566501
id06800,0.9044483392312455,0.042508923315671396,0.05304273745308094
id14758,0.06642294223892768,0.7731575649570405,0.16041949280403622
id12356,0.9616748935765962,0.036143565609401414,0.002181540814011965
id21492,0.9834551704319121,0.012135907386265144,0.004408922181830523
id27540,0.4069575288102744,0.13694768059331283,0.45609479059640323
id07376,0.008946115536745538,0.00180635342536989,0.9892475310378753
id15201,0.42932090453102495,0.5347361318967172,0.035942963572258554
id23388,7.95083552423529e-07,0.9999561723097128,4.3032606724442406e-05
id13923,0.17412886223441018,0.8253335564192475,0.0005375813463409367
id00794,1.94699221244214e-05,0.9857297037723292,0.014250826305542587
id23910,0.3368910268516274,0.02476307833485832,0.6383458948135122
id02556,0.08359316540134415,0.3545858607543691,0.5618209738442835
id22151,0.0006436084475166165,0.99922805452772,0.00012833702476252465
id11698,0.40958854199346656,0.47159388924939055,0.11881756875714354
id11627,0.7261212538312684,0.24254476340260278,0.031333982766127505
id06340,0.9975645386982114,0.001963935200301656,0.0004715261014860646
id05123,0.9914732581031198,0.0013700081593647012,0.007156733737514011
id26620,0.00011664803466793311,1.3366153736963075e-05,0.999869985811591
id04002,0.005769419870921032,0.08438208774403048,0.9098484923850486
id26554,0.005348223127286505,0.9490719198540618,0.045579857018651
id18012,0.10057314587537151,0.2823378169673081,0.6170890371573156
id12964,0.6545459911995948,0.13182788808881105,0.2136261207115957
id18965,0.008940304783669318,0.4971781119129529,0.493881583303375
id19082,0.021986360676164357,2.536181670614512e-05,0.9779882775071352
id26742,0.005483686082531527,8.431530211760777e-05,0.9944319986153466
id15442,0.2687980681091943,0.7277721862280373,0.0034297456627667856
id16647,0.8910080991124364,0.009678168629355652,0.09931373225820604
id11544,0.2666808274097363,0.19076522120498504,0.5425539513852751
id20581,0.7587869333931684,0.08606737329134533,0.1551456933154863
id13192,0.039574044909063646,0.9570927063293003,0.0033332487616379025
id15814,0.020224279333921114,0.051982878872467525,0.9277928417936115
id26279,0.02115538416681979,0.9771999457566855,0.0016446700764944373
id00240,0.9858201170969282,0.010658003034502669,0.0035218798685696545
id22836,0.9981550818495369,0.0001183156013499489,0.0017266025491090241
id15085,0.0015464063352734869,0.8497474467328525,0.14870614693186873
id17495,0.8808746089896924,0.1037171477314569,0.015408243278850582
id26762,0.9052407291828811,0.05077306157353364,0.04398620924358502
id13685,0.9999951163427667,1.1887380726861127e-08,4.871769843949639e-06
id16560,1.56053703899495e-05,0.9999770557541662,7.338875438039475e-06
id17184,0.00039763393984600223,0.9876259714306446,0.011976394629507378
id21635,0.99094760653259,0.008416329485408785,0.0006360639820024771
id26751,0.017345154364911363,0.9713701121619126,0.011284733473170064
id12351,0.9746208060664886,0.00717233275510191,0.018206861178411107
id14872,0.8360629648706674,0.06870713910521016,0.09522989602412352
id18372,0.6147726281211606,0.3761635268831092,0.009063844995735903
id26851,0.9693593677052222,0.02132358472975252,0.009317047565028469
id22659,0.03463065513352261,0.9653693040261597,4.084033017863359e-08
id04102,5.481307675713119e-05,8.834966418119382e-09,0.9999451780882717
id02353,6.487681959958139e-05,0.9993981884457274,0.0005369347346686216
id26721,0.5775073104196513,0.41290081937404577,0.009591870206299475
id11171,0.9858966490399524,0.001873096816400957,0.012230254143650523
id13562,0.8874934065862009,0.054942992236951774,0.057563601176845655
id26425,0.8748097365939956,0.013380592337473308,0.11180967106853133
id26394,0.6818028766947349,0.0012542320343158127,0.31694289127094794
id22187,0.9102207825417495,0.058828229249126146,0.03095098820912429
id00422,0.9992820547218347,0.0005146148711524932,0.00020333040700613037
id22667,3.794379568440541e-08,0.9999999615404711,5.157393911619009e-10
id00911,0.8509443096265223,0.007308720172186196,0.14174697020129065
id17291,0.8790294111205531,6.876569413173649e-05,0.1209018231853182
id01915,0.03862795258417754,0.797199280224488,0.1641727671913315
id01434,0.6770031404484845,0.04750300769343983,0.27549385185807557
id01584,0.7905071850146481,0.004931497839906642,0.204561317145445
id09266,0.23358792922743984,0.4237451282454608,0.34266694252709684
id17494,0.0010647944115228078,0.9984317611776113,0.000503444410861466
id24919,0.6212839545072526,0.18806559935664435,0.19065044613610563
id21043,0.0017547829114595908,1.051704403385057e-06,0.9982441653841457
id17796,0.00024239183024869334,0.9997553563355905,2.2518341600599373e-06
id02166,0.000992406545693809,6.71351818339899e-05,0.9989404582724724
id17503,0.6184280715818201,0.005204039873799505,0.3763678885443858
id21203,0.8364096512980306,0.08662307702977284,0.07696727167219912
id25626,0.9999939152477444,5.918743581655159e-06,1.6600866834110785e-07
id09836,0.9997012430041845,0.0002734227698994111,2.53342259130827e-05
id24202,0.3855108110767544,0.33615766732677616,0.2783315215964751
id27260,0.992823116107361,0.0006850242728172964,0.006491859619821043
id23167,2.9624723866340613e-05,1.3829082866569198e-05,0.999956546193271
id10393,0.006632362142883581,0.9928749424023993,0.0004926954547144626
id01171,0.9666022871092133,0.0332864941927722,0.00011121869801583864
id06380,0.9623464427029854,0.02209173472427018,0.015561822572742278
id22686,0.13308647142735053,0.020104151659423142,0.8468093769132229
id26250,0.8190060096714954,0.005125752520563712,0.1758682378079374
id09315,0.05346996816180899,0.9066281045375368,0.03990192730064838
id00886,0.6699850420010268,0.32045336648595046,0.009561591513028217
id03101,0.24391217292576084,0.6932335978344336,0.06285422923981096
id12367,0.5684779014996996,0.0047138301490375935,0.42680826835126673
id10770,0.9852746801538763,0.008684890972116697,0.006040428874009766
id14949,0.4650714088847865,0.5190241460232594,0.015904445091960737
id14141,0.0009388660787120693,0.9990600115920162,1.1223292786479117e-06
id25417,0.0360280098864507,0.9629920015520553,0.0009799885614926777
id26873,0.23220814122719574,0.5364542697112499,0.23133758906155585
id10818,0.22106785538978413,0.007046351577914589,0.7718857930323009
id15146,0.9751672293197803,0.008048293760559192,0.016784476919658762
id23328,0.9939940573590383,0.0037086677897572346,0.0022972748512081627
id16765,0.006149862301205559,0.9917581427839066,0.002091994914891731
id24383,0.8660533199150615,0.000256721644582287,0.13368995844035944
id21304,0.95541929271813,0.02916424138644139,0.015416465895425084
id12551,0.12293428568387868,0.8744571075228114,0.002608606793310564
id23274,0.013159816182676313,0.9221176841756484,0.06472249964166628
